 8
karlgren    0.00 0.47 0.51 0.50 0.35 0.39 0.49 0.49
starostin   0.47 0.00 0.29 0.29 0.36 0.30 0.14 0.19
pwy         0.51 0.29 0.00 0.04 0.40 0.32 0.27 0.31
zzsf        0.50 0.29 0.04 0.00 0.39 0.31 0.26 0.31
wangli      0.35 0.36 0.40 0.39 0.00 0.19 0.39 0.38
lfk         0.39 0.30 0.32 0.31 0.19 0.00 0.32 0.33
ocbs        0.49 0.14 0.27 0.26 0.39 0.32 0.00 0.22
schuessler  0.49 0.19 0.31 0.31 0.38 0.33 0.22 0.00
